[2.065 0.    0.   ]
[3.0975     1.78834246 0.        ]
[1.0325     1.78834246 0.        ]
[2.065 0.    0.   ]
[3.0975     1.78834246 0.        ]
[ 1.03250000e+00  1.78834246e+00 -2.46519033e-32]
[ 2.06500000e+00 -1.01155826e-15  6.19400790e-32]
[3.0975     1.78834246 0.        ]
[1.0325     1.78834246 0.        ]
[ 2.06500000e+00 -1.01155826e-15  6.19400790e-32]
[3.0975     1.78834246 0.        ]
[ 1.03250000e+00  1.78834246e+00 -2.46519033e-32]
[2.065 0.    0.   ]
[-9.29250000e+00 -5.36502738e+00 -8.76035147e-16]
[1.0325     1.78834246 0.        ]
[2.065 0.    0.   ]
[-9.29250000e+00 -5.36502738e+00 -8.76035147e-16]
[ 1.03250000e+00  1.78834246e+00 -2.46519033e-32]
[ 2.06500000e+00 -1.01155826e-15  6.19400790e-32]
[-9.29250000e+00 -5.36502738e+00 -8.76035147e-16]
[1.0325     1.78834246 0.        ]
[ 2.06500000e+00 -1.01155826e-15  6.19400790e-32]
[-9.29250000e+00 -5.36502738e+00 -8.76035147e-16]
[ 1.03250000e+00  1.78834246e+00 -2.46519033e-32]
[2.065 0.    0.   ]
[3.0975     1.78834246 0.        ]
[1.0325     1.78834246 0.        ]
[2.065 0.    0.   ]
[3.0975     1.78834246 0.        ]
[1.03250000e+00 1.78834246e+00 2.46519033e-32]
[ 2.06500000e+00 -1.01155826e-15  6.19400790e-32]
[3.0975     1.78834246 0.        ]
[1.0325     1.78834246 0.        ]
[ 2.06500000e+00 -1.01155826e-15  6.19400790e-32]
[3.0975     1.78834246 0.        ]
[1.03250000e+00 1.78834246e+00 2.46519033e-32]
[2.065 0.    0.   ]
[-9.29250000e+00 -5.36502738e+00 -8.76035147e-16]
[1.0325     1.78834246 0.        ]
[2.065 0.    0.   ]
[-9.29250000e+00 -5.36502738e+00 -8.76035147e-16]
[1.03250000e+00 1.78834246e+00 2.46519033e-32]
[ 2.06500000e+00 -1.01155826e-15  6.19400790e-32]
[-9.29250000e+00 -5.36502738e+00 -8.76035147e-16]
[1.0325     1.78834246 0.        ]
[ 2.06500000e+00 -1.01155826e-15  6.19400790e-32]
[-9.29250000e+00 -5.36502738e+00 -8.76035147e-16]
[1.03250000e+00 1.78834246e+00 2.46519033e-32]
[2.065 0.    0.   ]
[3.0975     1.78834246 0.        ]
[1.0325     1.78834246 0.        ]
[2.065 0.    0.   ]
[3.0975     1.78834246 0.        ]
[ 1.03250000e+00  1.78834246e+00 -2.46519033e-32]
[ 2.06500000e+00 -1.01155826e-15  6.19400790e-32]
[3.0975     1.78834246 0.        ]
[1.0325     1.78834246 0.        ]
[ 2.06500000e+00 -1.01155826e-15  6.19400790e-32]
[3.0975     1.78834246 0.        ]
[ 1.03250000e+00  1.78834246e+00 -2.46519033e-32]
[2.065 0.    0.   ]
[-9.29250000e+00 -5.36502738e+00  8.76035147e-16]
[1.0325     1.78834246 0.        ]
[2.065 0.    0.   ]
[-9.29250000e+00 -5.36502738e+00  8.76035147e-16]
[ 1.03250000e+00  1.78834246e+00 -2.46519033e-32]
[ 2.06500000e+00 -1.01155826e-15  6.19400790e-32]
[-9.29250000e+00 -5.36502738e+00  8.76035147e-16]
[1.0325     1.78834246 0.        ]
[ 2.06500000e+00 -1.01155826e-15  6.19400790e-32]
[-9.29250000e+00 -5.36502738e+00  8.76035147e-16]
[ 1.03250000e+00  1.78834246e+00 -2.46519033e-32]
[2.065 0.    0.   ]
[3.0975     1.78834246 0.        ]
[1.0325     1.78834246 0.        ]
[2.065 0.    0.   ]
[3.0975     1.78834246 0.        ]
[1.03250000e+00 1.78834246e+00 2.46519033e-32]
[ 2.06500000e+00 -1.01155826e-15  6.19400790e-32]
[3.0975     1.78834246 0.        ]
[1.0325     1.78834246 0.        ]
[ 2.06500000e+00 -1.01155826e-15  6.19400790e-32]
[3.0975     1.78834246 0.        ]
[1.03250000e+00 1.78834246e+00 2.46519033e-32]
[2.065 0.    0.   ]
[-9.29250000e+00 -5.36502738e+00  8.76035147e-16]
[1.0325     1.78834246 0.        ]
[2.065 0.    0.   ]
[-9.29250000e+00 -5.36502738e+00  8.76035147e-16]
[1.03250000e+00 1.78834246e+00 2.46519033e-32]
[ 2.06500000e+00 -1.01155826e-15  6.19400790e-32]
[-9.29250000e+00 -5.36502738e+00  8.76035147e-16]
[1.0325     1.78834246 0.        ]
[ 2.06500000e+00 -1.01155826e-15  6.19400790e-32]
[-9.29250000e+00 -5.36502738e+00  8.76035147e-16]
[1.03250000e+00 1.78834246e+00 2.46519033e-32]
[2.065 0.    0.   ]
[3.0975     1.78834246 0.        ]
[1.0325     1.78834246 0.        ]
[2.065 0.    0.   ]
[3.0975     1.78834246 0.        ]
[ 1.03250000e+00  1.78834246e+00 -2.46519033e-32]
[2.065 0.    0.   ]
[3.0975     1.78834246 0.        ]
[1.0325     1.78834246 0.        ]
[2.065 0.    0.   ]
[3.0975     1.78834246 0.        ]
[ 1.03250000e+00  1.78834246e+00 -2.46519033e-32]
[2.065 0.    0.   ]
[-9.29250000e+00 -5.36502738e+00 -8.76035147e-16]
[1.0325     1.78834246 0.        ]
[2.065 0.    0.   ]
[-9.29250000e+00 -5.36502738e+00 -8.76035147e-16]
[ 1.03250000e+00  1.78834246e+00 -2.46519033e-32]
[2.065 0.    0.   ]
[-9.29250000e+00 -5.36502738e+00 -8.76035147e-16]
[1.0325     1.78834246 0.        ]
[2.065 0.    0.   ]
[-9.29250000e+00 -5.36502738e+00 -8.76035147e-16]
[ 1.03250000e+00  1.78834246e+00 -2.46519033e-32]
[2.065 0.    0.   ]
[3.0975     1.78834246 0.        ]
[1.0325     1.78834246 0.        ]
[2.065 0.    0.   ]
[3.0975     1.78834246 0.        ]
[ 1.03250000e+00  1.78834246e+00 -2.46519033e-32]
[2.065 0.    0.   ]
[3.0975     1.78834246 0.        ]
[1.0325     1.78834246 0.        ]
[2.065 0.    0.   ]
[3.0975     1.78834246 0.        ]
[ 1.03250000e+00  1.78834246e+00 -2.46519033e-32]
[2.065 0.    0.   ]
[-9.29250000e+00 -5.36502738e+00  8.76035147e-16]
[1.0325     1.78834246 0.        ]
[2.065 0.    0.   ]
[-9.29250000e+00 -5.36502738e+00  8.76035147e-16]
[ 1.03250000e+00  1.78834246e+00 -2.46519033e-32]
[2.065 0.    0.   ]
[-9.29250000e+00 -5.36502738e+00  8.76035147e-16]
[1.0325     1.78834246 0.        ]
[2.065 0.    0.   ]
[-9.29250000e+00 -5.36502738e+00  8.76035147e-16]
[ 1.03250000e+00  1.78834246e+00 -2.46519033e-32]
[2.065 0.    0.   ]
[3.0975     1.78834246 0.        ]
[1.0325     1.78834246 0.        ]
[2.065 0.    0.   ]
[3.0975     1.78834246 0.        ]
[1.03250000e+00 1.78834246e+00 2.46519033e-32]
[2.065 0.    0.   ]
[3.0975     1.78834246 0.        ]
[1.0325     1.78834246 0.        ]
[2.065 0.    0.   ]
[3.0975     1.78834246 0.        ]
[1.03250000e+00 1.78834246e+00 2.46519033e-32]
[2.065 0.    0.   ]
[-9.29250000e+00 -5.36502738e+00 -8.76035147e-16]
[1.0325     1.78834246 0.        ]
[2.065 0.    0.   ]
[-9.29250000e+00 -5.36502738e+00 -8.76035147e-16]
[1.03250000e+00 1.78834246e+00 2.46519033e-32]
[2.065 0.    0.   ]
[-9.29250000e+00 -5.36502738e+00 -8.76035147e-16]
[1.0325     1.78834246 0.        ]
[2.065 0.    0.   ]
[-9.29250000e+00 -5.36502738e+00 -8.76035147e-16]
[1.03250000e+00 1.78834246e+00 2.46519033e-32]
[2.065 0.    0.   ]
[3.0975     1.78834246 0.        ]
[1.0325     1.78834246 0.        ]
[2.065 0.    0.   ]
[3.0975     1.78834246 0.        ]
[1.03250000e+00 1.78834246e+00 2.46519033e-32]
[2.065 0.    0.   ]
[3.0975     1.78834246 0.        ]
[1.0325     1.78834246 0.        ]
[2.065 0.    0.   ]
[3.0975     1.78834246 0.        ]
[1.03250000e+00 1.78834246e+00 2.46519033e-32]
[2.065 0.    0.   ]
[-9.29250000e+00 -5.36502738e+00  8.76035147e-16]
[1.0325     1.78834246 0.        ]
[2.065 0.    0.   ]
[-9.29250000e+00 -5.36502738e+00  8.76035147e-16]
[1.03250000e+00 1.78834246e+00 2.46519033e-32]
[2.065 0.    0.   ]
[-9.29250000e+00 -5.36502738e+00  8.76035147e-16]
[1.0325     1.78834246 0.        ]
[2.065 0.    0.   ]
[-9.29250000e+00 -5.36502738e+00  8.76035147e-16]
[1.03250000e+00 1.78834246e+00 2.46519033e-32]
